(143.17, 432.69, 479.6, 61)
(329.26, 476.04, 323.21, 13)
(146.45, 366.49, 222.71, 83)
(412.99, 465.7, 314.26, 54)
(63.9, 293.31, 43.43, 33)
(66.81, 186.06, 113.72, 65)
(341.35, 220.34, 146.91, 45)
(206.51, 423.95, 495.33, 70)
(248.78, 106.78, 17.64, 90)
(446.69, 318.62, 52.61, 14)
(427.99, 317.4, 436.08, 49)
(490.94, 121.02, 495.87, 67)
(431.4, 177.02, 436.79, 9)
(151.82, 301.26, 411.42, 49)
(307.91, 347.73, 365.62, 21)
(360.94, 308.7, 145.58, 6)
(394.33, 37.98, 356.17, 76)
(142.63, 342.55, 499.7, 46)
(325.66, 479.89, 203.34, 61)
(259.09, 124.55, 245.91, 29)
(34.12, 155.43, 329.72, 86)
(48.1, 21.92, 329.14, 87)
(54.61, 119.83, 172.79, 12)
(351.19, 442.67, 182.83, 97)
(294.95, 363.34, 367.59, 37)
(100.65, 357.74, 365.63, 18)
(139.25, 239.77, 328.53, 5)
(90.92, 202.37, 462.98, 54)
(361.76, 89.85, 95.36, 2)
(492.31, 401.91, 1.92, 71)
(367.88, 314.77, 352.76, 92)
(241.7, 451.9, 434.16, 1)
(487.71, 322.35, 215.09, 51)
(268.1, 390.01, 239.24, 76)
(463.47, 370.4, 259.39, 79)
(40.98, 407.69, 9.33, 16)
(356.22, 223.8, 420.27, 85)
(310.12, 265.02, 419.38, 38)
(338.13, 352.51, 138.54, 89)
(198.04, 310.38, 216.72, 72)
(354.84, 82.98, 154.03, 37)
(448.93, 225.59, 470.06, 36)
(309.77, 283.1, 497.88, 47)
(368.01, 320.94, 12.96, 12)
(307.84, 331.71, 263.95, 5)
(32.54, 58.44, 308.72, 30)
(144.28, 208.32, 158.7, 79)
(38.6, 71.17, 118.18, 36)
(87.85, 116.56, 146.84, 30)
(122.76, 191.4, 63.65, 27)
(202.42, 147.12, 277.99, 11)
(275.22, 9.64, 314.17, 17)
(80.48, 46.61, 312.28, 55)
(243.47, 244.77, 319.75, 78)
(199.88, 37.94, 169.4, 24)
(436.22, 333.28, 404.24, 44)
(132.21, 78.13, 372.04, 90)
(234.82, 185.34, 368.24, 76)
(322.33, 294.31, 474.05, 71)
(210.14, 189.56, 119.06, 25)
(296.19, 288.7, 140.26, 42)
(275.47, 42.66, 219.62, 36)
(284.5, 387.56, 425.37, 42)
(351.85, 345.63, 413.24, 57)
(396.58, 391.72, 452.44, 23)
(338.28, 366.38, 184.43, 39)
(214.52, 347.53, 194.42, 22)
(297.93, 387.48, 133.88, 40)
(224.62, 207.74, 450.01, 96)
(163.94, 124.4, 118.85, 58)
(110.92, 215.01, 115.38, 41)
(165.57, 58.72, 164.05, 66)
(471.29, 46.19, 322.2, 84)
(269.5, 412.52, 413.6, 0)
(41.73, 345.62, 311.79, 21)
(45.41, 206.32, 50.17, 2)
(381.14, 304.19, 427.0, 94)
(210.37, 390.52, 205.36, 42)
(123.01, 237.0, 31.02, 20)
(13.71, 50.69, 374.7, 24)
(98.52, 196.51, 58.21, 44)
(102.92, 230.48, 401.24, 7)
(469.4, 89.82, 339.79, 70)
(346.18, 469.52, 69.64, 6)
(32.03, 487.36, 12.03, 82)
(32.06, 423.58, 287.75, 81)
(15.45, 87.94, 459.4, 38)
(483.47, 292.28, 1.99, 50)
(38.6, 305.89, 337.12, 100)
(435.24, 299.07, 180.83, 96)
(347.92, 84.75, 352.89, 41)
(166.42, 287.79, 468.93, 5)
(268.19, 328.93, 400.82, 73)
(340.72, 348.83, 419.03, 25)
(422.48, 267.3, 197.14, 99)
(476.93, 156.82, 427.61, 80)
(483.56, 275.57, 161.36, 65)
(440.2, 186.94, 357.08, 16)
(76.19, 485.42, 80.15, 96)
(330.64, 421.3, 327.58, 60)
(319.2, 484.27, 76.09, 0)
(369.62, 353.95, 288.25, 32)
(40.1, 9.89, 450.27, 86)
(464.82, 68.85, 496.3, 71)
(59.19, 465.85, 0.86, 28)
(73.24, 468.46, 71.22, 94)
(122.73, 236.42, 135.02, 73)
(243.64, 358.16, 206.51, 11)
(138.43, 75.15, 214.7, 35)
(91.65, 56.34, 288.3, 91)
(474.03, 143.42, 328.0, 58)
(152.24, 200.97, 316.15, 99)
(477.68, 455.7, 276.65, 19)
(142.7, 37.25, 140.74, 46)
(97.46, 177.09, 315.0, 77)
(91.39, 282.1, 211.51, 13)
(334.14, 15.37, 230.85, 24)
(415.29, 262.11, 496.17, 83)
(100.64, 382.92, 342.63, 78)
(205.45, 90.76, 87.5, 83)
(333.74, 259.12, 29.85, 62)
(345.2, 297.18, 153.77, 47)
(178.14, 70.59, 301.77, 55)
(334.49, 176.81, 340.17, 20)
(260.92, 125.28, 114.97, 18)
(419.78, 372.97, 107.46, 37)
(408.93, 494.52, 437.46, 94)
(403.91, 125.22, 339.3, 22)
(32.97, 8.25, 211.59, 8)
(428.92, 18.0, 90.35, 35)
(182.72, 237.76, 39.69, 38)
(177.21, 140.03, 470.18, 37)
(301.01, 466.56, 317.19, 72)
(42.02, 340.92, 311.08, 23)
(361.01, 252.59, 334.52, 63)
(23.57, 52.42, 153.44, 58)
(66.5, 144.36, 232.35, 24)
(353.6, 456.82, 329.8, 14)
(244.1, 429.06, 12.84, 88)
(274.49, 422.84, 370.63, 82)
(95.36, 464.65, 191.63, 81)
(429.15, 10.15, 221.11, 52)
(125.73, 402.42, 118.55, 99)
(368.61, 194.85, 101.64, 28)
(344.79, 412.38, 4.89, 28)
(486.03, 246.7, 224.34, 0)
(332.69, 282.02, 135.55, 89)
(131.99, 55.43, 384.37, 38)
(88.19, 266.7, 183.23, 8)
(85.24, 258.61, 36.45, 4)
(23.29, 44.88, 37.28, 58)
(469.28, 168.53, 476.28, 53)
(402.23, 190.25, 40.56, 13)
(318.64, 161.29, 296.02, 67)
(123.41, 128.6, 147.29, 80)
(266.52, 375.73, 35.43, 89)
(425.5, 331.71, 64.97, 21)
(363.0, 443.4, 117.17, 64)
(372.36, 162.27, 401.51, 61)
(495.99, 447.24, 237.54, 93)
(336.93, 289.64, 20.54, 75)
(399.6, 385.15, 232.98, 90)
(295.31, 339.24, 131.4, 32)
(54.56, 462.16, 464.32, 54)
(65.4, 73.64, 210.47, 14)
(379.67, 390.61, 104.01, 87)
(31.41, 169.29, 169.78, 67)
(418.28, 420.69, 230.11, 74)
(406.47, 27.08, 247.01, 57)
(334.66, 117.58, 237.91, 49)
(51.75, 23.22, 265.78, 85)
(113.12, 489.4, 16.77, 70)
(4.5, 67.7, 430.05, 45)
(371.83, 88.09, 432.68, 90)
(55.45, 496.47, 206.66, 50)
(244.89, 360.6, 343.01, 32)
(285.67, 259.98, 454.38, 20)
(442.35, 304.08, 250.92, 94)
(56.87, 16.54, 271.93, 49)
(381.73, 365.0, 251.57, 7)
(187.23, 326.05, 238.6, 32)
(395.04, 458.64, 450.83, 34)
(89.29, 499.92, 349.99, 53)
(137.74, 416.27, 161.76, 3)
(120.54, 338.09, 276.31, 37)
(302.0, 323.79, 404.17, 40)
(429.59, 214.17, 349.3, 69)
(262.53, 22.12, 253.18, 65)
(211.12, 396.53, 118.27, 94)
(97.2, 10.73, 449.48, 40)
(268.34, 201.47, 471.64, 100)
(446.51, 124.49, 306.59, 90)
(367.25, 41.79, 498.87, 62)
(421.42, 260.76, 60.08, 96)
(154.82, 219.56, 499.68, 59)
(67.22, 202.23, 302.36, 53)
(26.51, 95.91, 16.21, 86)
(297.29, 406.96, 130.31, 14)
(476.54, 368.97, 214.92, 44)
(422.06, 431.73, 466.75, 6)
(66.6, 292.61, 6.3, 8)
(306.9, 495.34, 470.2, 46)
(189.25, 176.34, 130.23, 22)
(86.34, 41.76, 481.4, 91)
(170.5, 345.0, 76.44, 57)
(379.33, 165.13, 317.52, 78)
(156.04, 326.98, 265.29, 42)
(204.48, 478.71, 238.5, 87)
(39.17, 422.63, 152.7, 6)
(79.02, 274.94, 432.48, 31)
(424.1, 272.1, 35.4, 68)
(330.42, 28.38, 92.32, 89)
(176.29, 233.4, 458.04, 44)
(206.9, 309.31, 13.75, 50)
(403.64, 111.9, 476.87, 98)
(307.91, 278.5, 171.34, 28)
(319.69, 375.77, 412.56, 15)
(343.36, 347.73, 92.72, 1)
(341.84, 453.82, 292.98, 80)
(81.57, 348.16, 425.12, 80)
(369.55, 478.43, 54.5, 17)
(409.91, 47.18, 223.91, 25)
(97.33, 383.02, 169.48, 55)
(289.74, 395.15, 347.02, 76)
(187.09, 68.04, 243.98, 33)
(378.64, 130.3, 346.03, 27)
(151.84, 420.15, 13.49, 47)
(312.98, 173.79, 94.28, 74)
(276.69, 181.0, 111.05, 42)
(486.88, 489.95, 182.48, 59)
(446.32, 442.62, 481.74, 39)
(201.34, 222.1, 427.48, 8)
(68.19, 439.88, 392.24, 38)
(156.11, 471.02, 281.8, 39)
(301.51, 351.26, 31.48, 14)
(207.24, 220.38, 487.21, 10)
(136.1, 384.72, 355.96, 85)
(125.17, 361.47, 415.49, 17)
(186.02, 281.65, 284.8, 88)
(54.68, 404.16, 443.84, 93)
(172.75, 281.0, 92.55, 16)
(153.31, 310.7, 316.3, 44)
(204.4, 158.7, 341.03, 37)
(379.76, 485.49, 499.29, 98)
(305.45, 22.77, 54.77, 27)
(406.37, 107.85, 364.4, 67)
(255.19, 29.36, 485.5, 24)
(75.0, 222.45, 12.0, 66)
(341.56, 102.89, 499.72, 70)
(434.23, 414.83, 96.47, 42)
(297.3, 273.29, 11.96, 50)
(473.19, 457.62, 438.99, 64)
(29.39, 168.24, 482.64, 95)
(169.03, 103.12, 292.48, 53)
(6.56, 263.65, 102.38, 50)
(121.86, 199.64, 341.54, 53)
(82.67, 386.46, 383.25, 6)
(159.48, 263.66, 376.88, 55)
(394.01, 315.09, 457.01, 92)
(353.82, 309.57, 175.42, 44)
(281.04, 497.55, 454.9, 21)
(420.52, 170.4, 366.74, 28)
(385.15, 174.57, 89.12, 7)
(409.51, 367.49, 419.09, 52)
(456.63, 346.16, 369.78, 41)
(13.61, 475.15, 30.0, 71)
(238.97, 213.91, 405.3, 40)
(392.2, 471.77, 387.39, 9)
(448.5, 313.61, 158.07, 66)
(198.96, 0.82, 188.26, 1)
(57.26, 445.3, 11.94, 9)
(443.51, 357.86, 12.01, 35)
(149.03, 458.36, 432.71, 66)
(390.01, 274.07, 270.12, 75)
(163.61, 316.97, 480.45, 56)
(189.84, 270.11, 363.6, 66)
(413.61, 267.44, 134.0, 36)
(122.08, 395.61, 92.0, 64)
(54.16, 384.53, 496.28, 19)
(114.58, 20.25, 421.74, 82)
(270.84, 4.59, 193.19, 33)
(227.9, 239.27, 429.4, 98)
(241.34, 298.73, 79.71, 97)
(44.26, 78.27, 46.4, 12)
(307.97, 425.72, 278.35, 76)
(418.62, 372.45, 247.04, 18)
(124.02, 145.76, 78.18, 87)
(491.82, 214.44, 255.68, 32)
(222.59, 229.0, 182.02, 72)
(104.63, 109.7, 460.01, 15)
(171.24, 289.02, 212.66, 62)
(159.69, 214.8, 188.59, 24)
(5.89, 247.26, 256.73, 47)
(382.74, 208.02, 249.26, 49)
(211.87, 299.5, 101.34, 80)
(335.32, 200.81, 12.29, 19)
(341.85, 13.09, 269.28, 74)
(12.84, 171.35, 373.88, 24)
(188.43, 497.18, 17.0, 3)
(246.91, 224.44, 423.74, 48)
(195.75, 102.66, 336.93, 55)
(331.36, 103.61, 60.95, 30)
(494.12, 466.06, 490.41, 45)
(92.69, 386.11, 280.06, 85)
(370.13, 349.05, 282.3, 3)
(161.05, 486.87, 290.43, 68)
(413.44, 123.71, 7.21, 86)
(240.69, 190.94, 378.9, 18)
(49.13, 173.01, 72.53, 89)
(342.58, 91.23, 163.69, 100)
(132.7, 310.82, 149.02, 23)
(113.55, 477.03, 485.44, 33)
(171.65, 224.02, 68.59, 30)
(23.11, 328.31, 263.0, 29)
(63.37, 176.15, 441.14, 50)
(333.23, 2.49, 39.34, 25)
(77.29, 426.32, 107.11, 91)
(337.8, 225.8, 426.51, 55)
(484.43, 360.95, 4.92, 21)
(493.5, 275.19, 368.19, 7)
(433.21, 41.52, 14.16, 84)
(497.4, 63.8, 256.78, 0)
(221.46, 21.06, 304.41, 90)
(167.87, 438.71, 433.52, 76)
(99.77, 344.87, 413.86, 41)
(314.54, 463.09, 407.91, 53)
(464.55, 389.17, 225.45, 52)
(472.83, 489.01, 271.24, 43)
(43.68, 427.12, 29.3, 80)
(423.47, 127.55, 174.9, 40)
(136.16, 26.61, 12.01, 32)
(366.79, 161.21, 445.41, 15)
(449.39, 155.84, 431.45, 13)
(363.53, 404.62, 88.02, 37)
(191.2, 382.29, 238.5, 26)
(187.58, 413.05, 463.24, 3)
(147.99, 456.72, 98.63, 80)
(225.74, 255.23, 398.55, 48)
(187.4, 207.63, 268.33, 23)
(13.34, 276.76, 303.38, 23)
(391.86, 55.87, 465.16, 5)
(299.46, 334.58, 62.25, 51)
(133.23, 247.88, 299.28, 62)
(18.43, 269.37, 287.36, 92)
(405.35, 168.74, 89.55, 66)
(93.55, 146.25, 55.94, 84)
(76.54, 252.06, 96.63, 95)
(384.75, 147.94, 331.51, 8)
(92.08, 455.14, 301.76, 59)
(220.53, 119.31, 296.99, 22)
(94.57, 455.9, 18.06, 30)
(383.16, 420.88, 159.25, 28)
(382.34, 57.77, 418.27, 24)
(153.48, 447.21, 105.09, 76)
(316.38, 116.32, 454.13, 44)
(392.91, 288.58, 70.39, 12)
(303.09, 170.75, 24.18, 57)
(47.21, 134.4, 68.52, 97)
(214.97, 212.03, 160.03, 37)
(278.78, 47.49, 252.11, 69)
(336.47, 377.73, 460.66, 51)
(389.91, 99.76, 37.88, 90)
(320.51, 66.21, 432.99, 51)
(214.28, 243.91, 373.26, 96)
(9.87, 178.81, 496.53, 45)
(140.46, 233.09, 25.79, 43)
(271.64, 169.22, 258.64, 6)
(96.58, 8.05, 130.39, 1)
(495.72, 264.25, 246.84, 48)
(129.74, 100.95, 134.79, 83)
(45.28, 441.12, 366.49, 71)
(90.52, 149.78, 259.6, 68)
(0.16, 356.43, 353.47, 45)
(66.2, 320.72, 475.47, 16)
(61.98, 248.4, 216.59, 96)
(42.62, 252.73, 232.36, 25)
(335.07, 322.88, 89.29, 74)
(371.06, 2.02, 374.52, 24)
(345.72, 142.59, 89.13, 15)
(317.86, 161.61, 118.14, 73)
(176.63, 33.82, 24.74, 24)
(56.45, 11.17, 218.24, 28)
(26.97, 110.06, 322.59, 78)
(176.91, 294.2, 2.6, 16)
(299.9, 458.96, 414.35, 52)
(429.2, 440.05, 53.03, 25)
(280.08, 107.01, 326.8, 40)
(354.32, 384.37, 203.11, 99)
(67.76, 57.42, 323.1, 35)
(243.78, 44.71, 2.48, 68)
(11.27, 243.23, 303.43, 41)
(139.59, 91.91, 30.55, 26)
(109.69, 220.75, 173.1, 88)
(330.24, 209.52, 434.03, 72)
(427.46, 314.93, 54.45, 1)
(232.49, 450.94, 73.1, 87)
(253.31, 304.82, 410.92, 3)
(154.91, 348.78, 296.42, 49)
(353.53, 213.81, 448.26, 85)
(241.11, 338.63, 203.83, 35)
(416.19, 60.53, 284.63, 46)
(305.85, 97.1, 396.89, 46)
(84.34, 242.17, 180.28, 73)
(70.94, 321.43, 303.61, 54)
(301.63, 349.25, 126.34, 97)
(162.89, 173.06, 316.65, 45)
(236.72, 243.88, 378.7, 85)
(118.03, 285.52, 210.86, 1)
(426.94, 10.32, 259.56, 16)
(272.41, 283.27, 397.55, 34)
(80.84, 48.3, 393.76, 62)
(414.16, 11.43, 192.62, 42)
(85.0, 426.24, 306.28, 12)
(320.18, 455.33, 368.69, 41)
(54.19, 290.53, 174.86, 98)
(432.11, 481.9, 410.74, 6)
(491.87, 60.88, 238.25, 93)
(468.87, 27.39, 333.44, 61)
(243.04, 230.25, 59.18, 4)
(225.33, 350.95, 43.84, 40)
(24.52, 416.12, 95.11, 4)
(99.5, 248.03, 61.64, 30)
(59.07, 261.06, 315.93, 9)
(107.98, 187.91, 164.16, 47)
(48.47, 338.51, 407.97, 24)
(165.21, 242.9, 461.44, 36)
(198.71, 211.19, 421.6, 43)
(71.69, 489.19, 436.62, 0)
(384.01, 190.04, 33.9, 37)
(475.7, 159.73, 434.31, 18)
(395.76, 397.65, 31.97, 8)
(53.62, 79.1, 449.73, 19)
(422.43, 80.46, 465.77, 25)
(431.0, 68.22, 198.84, 20)
(21.09, 209.64, 406.57, 4)
(222.95, 478.31, 120.73, 98)
(107.05, 179.84, 164.93, 50)
(102.53, 18.76, 187.68, 28)
(377.82, 379.07, 259.2, 8)
(206.69, 254.99, 381.41, 76)
(120.56, 286.21, 57.87, 89)
(163.95, 165.9, 334.95, 8)
(246.44, 441.44, 154.11, 99)
(358.67, 339.13, 289.78, 38)
(372.51, 14.46, 241.39, 76)
(398.01, 176.59, 378.45, 51)
(99.8, 340.81, 495.5, 57)
(382.7, 278.32, 451.98, 12)
(221.45, 243.83, 92.24, 12)
(290.73, 210.96, 209.1, 76)
(152.0, 66.13, 260.12, 21)
(419.08, 205.64, 371.39, 57)
(400.13, 82.63, 103.78, 4)
(134.43, 91.64, 86.38, 40)
(69.98, 23.79, 367.58, 60)
(345.01, 411.84, 14.34, 56)
(132.25, 60.04, 238.47, 73)
(495.82, 390.88, 134.94, 73)
(134.53, 292.87, 385.94, 19)
(406.11, 355.13, 271.54, 7)
(388.35, 131.91, 168.05, 63)
(353.79, 98.38, 428.14, 68)
(409.01, 444.21, 302.76, 16)
(418.12, 446.79, 441.88, 69)
(411.23, 163.01, 56.34, 32)
(386.05, 344.68, 347.38, 22)
(145.83, 155.84, 220.92, 44)
(201.88, 444.48, 92.01, 23)
(124.96, 96.49, 16.01, 9)
(300.83, 101.47, 353.02, 13)
(119.95, 440.24, 96.79, 0)
(145.69, 17.34, 283.79, 9)
(352.97, 448.49, 179.45, 83)
(353.18, 387.3, 348.45, 0)
(124.64, 0.66, 324.61, 66)
(120.62, 452.13, 479.91, 41)
(186.14, 290.77, 339.59, 24)
(7.96, 72.07, 394.96, 88)
(249.23, 161.73, 135.58, 28)
(175.04, 396.6, 304.32, 59)
(9.07, 453.88, 358.58, 59)
(233.41, 265.03, 8.79, 37)
(9.52, 168.34, 146.57, 44)
(166.48, 193.22, 45.09, 16)
(114.64, 149.53, 411.32, 44)
(293.15, 281.07, 347.84, 14)
(454.79, 300.14, 42.48, 33)
(300.84, 320.92, 20.81, 10)
(191.26, 265.07, 282.07, 22)
(280.94, 74.1, 269.03, 15)
(488.32, 69.82, 241.65, 18)
(194.07, 411.17, 62.18, 85)
(134.61, 259.62, 488.81, 70)
(356.91, 28.62, 380.38, 8)
(491.12, 204.52, 337.94, 82)
(393.31, 350.81, 464.62, 17)
(269.63, 404.56, 285.01, 73)
(164.04, 301.2, 454.48, 42)
(282.93, 197.29, 33.51, 81)
(123.43, 214.45, 9.29, 15)
(142.61, 67.06, 499.6, 71)
(210.62, 65.64, 130.08, 97)
(464.16, 120.14, 344.68, 24)
(456.03, 214.06, 434.46, 29)
(261.94, 335.48, 455.86, 95)
(345.9, 402.77, 243.26, 8)
(93.75, 203.47, 437.44, 46)
(294.31, 213.72, 342.39, 39)
(333.21, 96.57, 365.85, 49)
(275.21, 405.2, 39.1, 8)
(31.77, 124.64, 225.15, 47)
(299.74, 72.56, 48.5, 7)
(93.72, 494.97, 416.35, 27)
(317.7, 348.77, 470.1, 68)
(255.62, 404.38, 97.69, 94)
(243.5, 435.48, 390.8, 65)
(201.26, 228.06, 291.37, 2)
(306.79, 236.03, 206.53, 23)
(235.06, 292.04, 9.81, 19)
(107.94, 216.19, 356.97, 85)
(75.04, 329.22, 488.1, 35)
(368.53, 342.92, 1.53, 10)
(430.3, 174.42, 274.07, 19)
(404.76, 11.74, 384.96, 86)
(481.91, 303.69, 411.52, 74)
(202.62, 175.3, 190.31, 68)
(447.06, 300.46, 162.97, 24)
(131.09, 336.5, 48.13, 56)
(187.26, 337.24, 233.07, 38)
(449.63, 303.98, 253.65, 8)
(36.13, 217.7, 211.17, 99)
(19.07, 178.14, 27.79, 98)
(370.23, 120.15, 427.79, 41)
(96.82, 364.64, 57.3, 49)
(411.33, 497.47, 308.52, 50)
(468.08, 411.56, 317.16, 99)
(129.35, 303.25, 219.72, 76)
(261.99, 287.91, 365.59, 75)
(400.51, 478.06, 96.37, 28)
(303.28, 235.76, 420.48, 62)
(222.1, 190.73, 288.66, 100)
(388.3, 444.56, 57.56, 26)
(338.9, 78.46, 108.74, 85)
(394.9, 94.27, 280.74, 36)
(312.0, 136.57, 276.87, 35)
(337.47, 344.21, 151.3, 38)
(85.66, 145.19, 370.47, 85)
(21.38, 10.95, 443.9, 64)
(418.39, 313.78, 163.82, 92)
(353.66, 365.2, 473.72, 49)
(164.15, 80.11, 65.89, 65)
(81.67, 239.56, 372.69, 57)
(427.59, 213.6, 298.9, 94)
(413.74, 187.05, 370.2, 79)
(83.23, 442.62, 261.18, 41)
(238.52, 205.0, 363.56, 1)
(389.56, 143.05, 428.0, 46)
(302.65, 346.04, 68.46, 59)
(146.39, 263.62, 226.18, 36)
(427.88, 321.95, 109.55, 26)
(427.35, 10.62, 10.01, 2)
(225.65, 136.57, 301.71, 45)
(352.22, 448.44, 68.71, 72)
(225.32, 338.75, 497.44, 28)
(139.32, 41.59, 0.31, 34)
(217.23, 392.94, 159.37, 99)
(120.32, 320.9, 36.25, 37)
(11.19, 383.34, 490.14, 56)
(491.22, 486.79, 108.28, 23)
(477.43, 215.66, 280.85, 2)
(395.14, 98.43, 58.84, 68)
(326.21, 167.86, 81.24, 22)
(410.15, 339.32, 338.07, 99)
(60.52, 171.56, 265.66, 19)
(380.9, 231.84, 492.61, 42)
(181.09, 390.38, 263.57, 9)
(485.03, 75.16, 471.88, 98)
(287.64, 103.27, 23.41, 87)
(89.33, 101.4, 282.86, 89)
(279.4, 121.88, 369.28, 41)
(409.67, 89.25, 6.7, 98)
(221.88, 136.95, 7.01, 26)
(28.68, 164.07, 406.94, 84)
(222.12, 61.54, 187.27, 26)
(391.2, 215.39, 73.54, 45)
(343.18, 288.5, 200.68, 76)
(387.14, 64.28, 125.33, 20)
(335.31, 449.32, 193.15, 58)
(31.6, 460.06, 281.45, 85)
(264.49, 349.6, 460.31, 23)
(296.55, 22.02, 158.51, 59)
(130.15, 357.55, 482.75, 78)
(21.47, 371.87, 283.51, 85)
(63.71, 335.22, 114.57, 36)
(330.97, 318.15, 178.87, 80)
(195.75, 239.78, 334.74, 2)
(323.97, 95.18, 312.95, 11)
(455.62, 18.2, 43.63, 43)
(278.04, 339.52, 103.55, 57)
(250.13, 120.04, 128.19, 22)
(463.12, 144.06, 462.64, 54)
(211.31, 467.85, 410.49, 39)
(62.58, 335.06, 4.15, 1)
(261.34, 9.66, 292.49, 48)
(485.71, 450.0, 51.59, 84)
(353.54, 283.17, 199.13, 30)
(102.94, 195.42, 220.95, 91)
(292.12, 402.0, 106.19, 97)
(346.91, 390.31, 105.4, 29)
(139.55, 121.68, 460.12, 14)
(442.75, 348.81, 335.02, 60)
(398.93, 304.97, 72.28, 98)
(133.6, 497.2, 343.61, 35)
(69.46, 372.92, 74.84, 36)
(392.1, 452.55, 250.06, 58)
(18.23, 80.22, 417.75, 71)
(196.79, 435.54, 249.36, 86)
(71.89, 77.79, 412.38, 27)
(220.91, 318.55, 469.06, 65)
(331.99, 412.55, 330.65, 73)
(177.98, 420.01, 94.0, 68)
(371.2, 382.82, 220.4, 2)
(477.17, 292.12, 270.62, 68)
(48.35, 426.53, 137.08, 26)
(206.6, 179.51, 134.66, 42)
(293.92, 118.18, 321.34, 2)
(24.86, 77.61, 467.51, 92)
(290.82, 40.54, 73.39, 52)
(217.52, 188.75, 283.48, 7)
(481.68, 136.22, 200.93, 73)
(4.02, 337.27, 366.96, 65)
(172.17, 495.62, 351.56, 100)
(387.28, 363.66, 142.88, 20)
(147.45, 181.94, 256.29, 68)
(403.89, 55.99, 101.83, 2)
(322.77, 176.46, 297.66, 50)
(287.03, 113.61, 198.1, 99)
(148.92, 235.67, 235.02, 11)
(63.15, 178.81, 248.12, 78)
(158.66, 381.38, 97.34, 57)
(310.5, 264.23, 411.1, 45)
(361.39, 131.02, 43.12, 37)
(308.73, 113.23, 255.95, 43)
(448.17, 485.53, 234.06, 41)
(39.04, 157.99, 77.55, 25)
(229.62, 32.88, 206.31, 0)
(397.25, 124.96, 338.33, 57)
(164.3, 261.01, 486.68, 8)
(450.99, 185.82, 172.33, 40)
(470.12, 224.1, 125.51, 91)
(361.13, 76.68, 82.44, 95)
(71.9, 196.81, 58.99, 67)
(8.99, 458.2, 498.26, 27)
(183.12, 488.91, 483.56, 8)
(397.86, 8.67, 183.74, 50)
(480.85, 439.02, 181.84, 77)
(77.98, 282.74, 7.73, 1)
(477.3, 445.4, 212.15, 45)
(391.31, 60.26, 230.99, 94)
(80.86, 179.08, 100.55, 37)
(400.13, 17.55, 163.54, 19)
(300.26, 54.94, 152.64, 74)
(146.65, 446.87, 99.38, 94)
(324.04, 343.92, 202.06, 58)
(39.22, 343.58, 126.02, 58)
(286.38, 304.93, 477.18, 77)
(194.42, 221.46, 447.61, 30)
(268.63, 21.14, 488.13, 80)
(494.79, 294.9, 393.71, 62)
(4.61, 303.43, 330.09, 85)
(224.12, 489.23, 347.05, 91)
(154.85, 191.72, 113.96, 83)
(440.31, 283.6, 201.47, 36)
(374.45, 145.69, 425.48, 11)
(127.71, 18.66, 382.5, 96)
(357.39, 497.55, 365.18, 49)
(458.63, 211.9, 79.42, 64)
(218.5, 74.73, 390.32, 69)
(359.44, 200.2, 27.39, 8)
(345.35, 245.66, 196.62, 54)
(69.65, 42.14, 416.12, 36)
(483.59, 335.96, 146.98, 50)
(223.03, 219.7, 46.35, 98)
(259.76, 458.22, 126.22, 58)
(211.48, 181.52, 285.81, 11)
(408.55, 130.79, 316.47, 100)
(52.87, 198.09, 298.22, 37)
(52.17, 153.22, 261.58, 1)
(167.32, 242.02, 92.0, 48)
(343.44, 363.32, 405.34, 5)
(489.35, 305.5, 81.08, 45)
(132.64, 370.89, 325.91, 45)
(430.55, 56.27, 11.59, 1)
(109.32, 43.53, 52.86, 6)
(438.96, 392.98, 72.9, 83)
(170.71, 58.1, 121.59, 54)
(17.68, 90.68, 288.23, 73)
(162.84, 244.12, 19.37, 57)
(195.85, 17.11, 176.84, 33)
(397.45, 366.31, 440.4, 29)
(153.03, 399.22, 398.52, 43)
(185.07, 134.5, 232.51, 70)
(207.01, 143.48, 349.66, 12)
(297.87, 483.65, 176.68, 93)
(428.85, 292.85, 244.67, 77)
(425.42, 228.07, 68.46, 45)
(97.07, 414.56, 295.36, 18)
(480.55, 62.85, 55.6, 4)
(160.13, 386.75, 122.92, 83)
(195.45, 442.83, 369.42, 4)
(330.48, 346.43, 372.69, 52)
(119.54, 231.08, 92.23, 64)
(358.15, 441.06, 440.83, 92)
(113.57, 136.42, 420.11, 34)
(469.37, 446.07, 77.96, 74)
(191.81, 497.64, 332.17, 70)
(4.6, 176.21, 108.08, 75)
(136.34, 359.67, 241.95, 6)
(445.75, 227.39, 232.66, 59)
(373.94, 77.18, 15.89, 21)
(378.45, 483.09, 269.15, 30)
(464.19, 312.52, 202.99, 88)
(50.02, 58.41, 387.14, 81)
(381.57, 33.51, 17.41, 9)
(144.5, 45.76, 106.65, 43)
(187.53, 270.35, 489.14, 37)
(422.37, 98.68, 139.08, 59)
(256.38, 48.03, 495.1, 50)
(244.61, 67.95, 250.62, 13)
(123.51, 109.97, 240.3, 3)
(442.07, 458.07, 409.31, 98)
(158.63, 422.16, 148.35, 7)
(172.71, 280.19, 82.16, 7)
(356.77, 116.59, 351.72, 54)
(160.99, 460.0, 275.96, 60)
(102.43, 227.25, 396.11, 15)
(233.77, 125.47, 164.19, 70)
(340.97, 442.57, 363.75, 23)
(457.55, 53.67, 121.37, 67)
(398.34, 401.5, 72.14, 97)
(498.58, 330.9, 56.71, 79)
(337.67, 460.66, 143.23, 84)
(329.13, 446.61, 4.14, 5)
(416.05, 463.63, 169.68, 96)
(204.89, 391.76, 50.94, 36)
(435.89, 36.79, 452.8, 68)
(198.0, 177.17, 97.97, 25)
(1.49, 323.05, 369.13, 38)
(1.43, 316.93, 384.25, 62)
(410.64, 320.14, 323.18, 59)
(72.76, 389.45, 272.65, 53)
(306.37, 64.82, 450.0, 44)
(246.04, 18.9, 135.53, 86)
(259.49, 248.76, 63.16, 24)
(111.58, 243.12, 39.46, 16)
(428.37, 269.61, 168.21, 57)
(310.98, 79.15, 268.85, 14)
(83.19, 347.14, 302.1, 13)
(288.13, 430.84, 406.41, 50)
(417.1, 133.22, 457.17, 94)
(491.42, 452.72, 330.42, 36)
(58.02, 236.35, 394.82, 33)
(306.73, 391.79, 341.74, 72)
(37.37, 353.26, 483.55, 51)
(116.74, 100.62, 384.72, 17)
(379.34, 426.17, 44.62, 58)
(320.78, 487.38, 476.59, 68)
(5.12, 237.36, 75.27, 53)
(498.27, 494.56, 397.51, 37)
(287.26, 233.24, 391.96, 68)
(414.91, 10.25, 117.63, 81)
(394.75, 420.8, 476.82, 79)
(412.71, 395.48, 425.58, 82)
(336.73, 243.51, 50.44, 85)
(203.03, 141.14, 240.55, 33)
(235.29, 378.53, 497.49, 70)
(338.53, 268.54, 128.41, 60)
(167.9, 214.97, 373.21, 12)
(497.02, 152.4, 22.86, 55)
(253.52, 294.24, 138.26, 54)
(486.23, 82.37, 123.49, 78)
(104.49, 355.17, 275.74, 82)
(176.93, 330.92, 84.79, 44)
(292.33, 418.0, 367.28, 40)
(59.04, 2.33, 58.52, 50)
(464.46, 253.25, 488.47, 69)
(443.09, 214.48, 124.84, 30)
(459.16, 199.48, 313.78, 71)
(196.7, 452.86, 332.09, 67)
(484.61, 310.58, 202.34, 99)
(300.0, 440.37, 412.49, 68)
(141.16, 141.25, 434.51, 58)
(440.5, 330.13, 178.1, 32)
(248.07, 322.1, 235.37, 37)
(2.58, 468.23, 494.69, 0)
(101.28, 52.66, 304.31, 47)
(179.22, 123.19, 251.73, 91)
(466.57, 330.19, 261.72, 96)
(372.91, 50.6, 358.76, 19)
(463.7, 337.78, 67.39, 71)
(72.53, 433.74, 246.62, 34)
(149.82, 396.62, 50.09, 60)
(324.7, 429.82, 451.03, 35)
(122.22, 112.14, 435.43, 0)
(368.83, 178.06, 314.32, 42)
(100.7, 322.16, 170.45, 41)
(367.24, 403.47, 338.52, 83)
(296.16, 294.56, 81.19, 34)
(98.72, 461.46, 259.46, 18)
(446.48, 478.74, 54.1, 19)
(419.11, 362.46, 490.77, 71)
(191.27, 230.5, 346.71, 22)
(121.2, 494.4, 12.14, 73)
(124.58, 52.25, 392.61, 47)
(235.12, 450.56, 401.02, 15)
(424.4, 354.38, 74.64, 61)
(200.51, 395.61, 59.69, 56)
(377.58, 165.83, 210.04, 44)
(383.69, 79.05, 98.33, 14)
(35.62, 277.94, 314.08, 9)
(461.36, 92.15, 250.38, 76)
(188.06, 342.19, 284.43, 90)
(25.87, 71.26, 53.63, 47)
(84.14, 154.84, 44.03, 25)
(382.48, 103.54, 225.11, 30)
(97.58, 281.43, 274.37, 50)
(207.34, 358.09, 242.28, 61)
(326.25, 151.05, 239.81, 36)
(236.05, 303.02, 476.15, 36)
(335.16, 112.0, 96.41, 13)
(466.76, 299.51, 137.99, 29)
(487.8, 280.21, 268.63, 31)
(342.19, 80.62, 51.33, 31)
(140.4, 397.73, 41.77, 37)
(233.93, 292.99, 114.66, 80)
(111.81, 360.46, 231.17, 49)
(52.57, 88.22, 387.14, 7)
(130.65, 131.21, 149.5, 19)
(117.73, 61.9, 389.82, 34)
(80.26, 318.65, 326.53, 97)
(335.24, 495.9, 45.33, 4)
(129.38, 15.96, 406.02, 74)
(58.06, 82.12, 235.52, 15)
(224.16, 446.7, 21.7, 48)
(23.96, 99.49, 467.94, 42)
(66.51, 22.08, 157.04, 51)
(496.55, 61.5, 486.1, 88)
(299.5, 91.07, 455.24, 90)
(211.31, 454.1, 288.3, 3)
(105.95, 137.87, 371.71, 73)
(42.35, 384.71, 22.17, 100)
(486.7, 271.96, 132.45, 90)
(311.62, 174.76, 45.99, 48)
(475.1, 314.57, 347.58, 77)
(205.64, 462.9, 392.87, 73)
(323.53, 306.79, 294.43, 69)
(366.31, 368.81, 164.75, 70)
(229.93, 258.68, 452.13, 81)
(177.96, 99.17, 56.27, 76)
(30.78, 197.26, 495.45, 84)
(240.45, 267.76, 436.77, 23)
(385.7, 276.93, 2.61, 60)
(281.58, 428.17, 351.59, 66)
(266.53, 177.01, 198.02, 53)
(456.43, 133.7, 275.94, 10)
(81.45, 225.14, 34.9, 48)
(20.1, 410.39, 48.12, 30)
(287.12, 469.71, 0.28, 95)
(287.96, 234.21, 210.74, 19)
(80.25, 410.2, 305.68, 48)
(447.56, 205.29, 400.66, 76)
(249.23, 330.62, 459.42, 51)
(351.62, 81.51, 59.76, 68)
(110.51, 95.13, 281.28, 67)
(253.34, 265.0, 11.74, 41)
(45.54, 232.44, 263.9, 35)
(396.55, 363.91, 462.28, 53)
(229.98, 251.31, 104.12, 53)
(76.92, 356.0, 443.81, 88)
(350.57, 257.3, 47.73, 37)
(447.37, 150.59, 422.25, 47)
(453.81, 483.97, 109.94, 28)
(87.19, 43.15, 31.44, 100)
(114.03, 264.6, 352.28, 67)
(22.87, 372.31, 179.05, 85)
(281.09, 289.25, 338.61, 47)
(391.19, 306.47, 429.83, 20)
(352.26, 499.95, 279.58, 50)
(103.51, 371.81, 113.28, 75)
(485.61, 443.45, 460.26, 1)
(50.7, 54.35, 281.31, 50)
(244.19, 167.88, 96.17, 41)
(322.4, 227.21, 434.22, 99)
(293.07, 321.45, 117.8, 27)
(414.69, 4.87, 30.66, 32)
(33.26, 108.58, 113.41, 25)
(427.06, 184.62, 214.72, 0)
(9.12, 279.72, 43.98, 66)
(418.4, 359.58, 395.89, 54)
(399.67, 428.35, 134.57, 89)
(463.17, 408.61, 333.72, 24)
(286.76, 401.16, 301.14, 30)
(126.83, 389.33, 217.22, 45)
(348.33, 274.23, 361.14, 35)
(134.9, 245.75, 425.08, 46)
(395.35, 77.8, 165.7, 83)
(387.01, 440.83, 266.68, 47)
(29.95, 118.46, 347.47, 33)
(167.71, 346.53, 424.95, 96)
(43.35, 275.8, 199.87, 15)
(127.98, 366.24, 402.92, 33)
(35.08, 243.14, 249.75, 45)
(95.14, 117.52, 421.59, 87)
(388.26, 36.12, 163.72, 15)
(201.7, 352.92, 436.66, 90)
(132.09, 460.64, 387.12, 60)
(113.58, 190.83, 163.79, 40)
(69.15, 140.04, 151.72, 57)
(487.32, 51.84, 163.47, 15)
(162.44, 69.28, 402.34, 33)
(218.56, 135.13, 138.27, 12)
(23.1, 189.53, 290.54, 99)
(162.69, 16.31, 214.76, 29)
(107.97, 198.67, 392.46, 11)
(331.67, 47.63, 305.39, 58)
(370.34, 189.87, 26.09, 74)
(426.21, 301.65, 202.09, 85)
(494.95, 165.45, 410.71, 68)
(223.03, 111.67, 213.33, 6)
(470.82, 38.2, 55.83, 48)
(253.83, 260.96, 289.18, 49)
(270.09, 32.97, 395.89, 31)
(345.77, 487.82, 267.28, 66)
(67.1, 305.02, 160.79, 58)
(215.66, 46.53, 425.65, 89)
(143.65, 8.4, 477.26, 46)
(442.21, 14.63, 284.64, 19)
(446.0, 70.65, 292.54, 76)
(66.98, 441.05, 144.81, 7)
(301.49, 439.77, 448.92, 49)
(39.22, 354.49, 84.87, 5)
(492.83, 23.55, 446.26, 6)
(349.44, 294.25, 141.75, 18)
(443.67, 409.96, 355.88, 41)
(465.59, 64.31, 46.59, 19)
(427.14, 200.91, 249.54, 54)
(413.62, 360.66, 394.0, 44)
(269.45, 438.74, 215.49, 7)
(43.29, 155.74, 150.77, 1)
(418.69, 271.22, 19.71, 56)
(225.57, 343.3, 276.43, 5)
(420.13, 160.88, 420.89, 3)
(9.07, 83.75, 382.64, 30)
(497.79, 323.27, 202.53, 84)
(165.33, 17.63, 443.04, 63)
(29.49, 379.72, 81.6, 98)
(150.74, 160.02, 130.04, 0)
(221.84, 253.43, 301.14, 98)
(112.04, 385.93, 43.49, 47)
(357.36, 59.76, 157.03, 97)
(95.27, 275.2, 290.54, 49)
(260.62, 293.65, 113.87, 49)
(340.54, 120.25, 285.79, 61)
(452.24, 392.35, 271.09, 29)
(423.64, 323.45, 295.45, 46)
(48.5, 84.22, 189.46, 38)
(46.55, 489.79, 221.92, 63)
(78.25, 452.6, 326.47, 23)
(291.39, 349.65, 380.66, 76)
(92.75, 95.88, 370.73, 47)
(185.14, 107.05, 366.73, 88)
(112.12, 418.5, 243.27, 11)
(29.93, 427.44, 154.03, 59)
(476.91, 213.35, 83.36, 11)
(101.09, 498.26, 153.76, 17)
(3.07, 8.22, 167.35, 77)
(168.45, 306.66, 237.23, 46)
(293.91, 222.93, 493.59, 79)
(120.84, 42.65, 481.98, 36)
(185.73, 350.42, 168.2, 14)
(136.22, 278.27, 285.91, 39)
(186.56, 451.79, 124.79, 90)
(34.5, 393.4, 212.12, 12)
(165.71, 339.86, 171.83, 95)
(480.39, 323.0, 159.64, 64)
(0.04, 109.17, 65.84, 44)
(364.28, 222.51, 393.45, 22)
(308.06, 269.84, 329.72, 30)
(17.52, 218.74, 373.79, 19)
(199.76, 187.32, 257.42, 22)
(220.84, 494.19, 17.87, 77)
(289.01, 32.03, 118.74, 6)
(389.05, 61.11, 458.09, 77)
(428.1, 352.39, 354.61, 93)
(238.11, 239.57, 156.56, 12)
(355.11, 465.71, 314.57, 94)
(253.68, 492.99, 36.86, 55)
(44.56, 201.31, 391.68, 18)
(412.31, 144.94, 435.04, 5)
(240.7, 98.63, 89.45, 0)
(105.79, 317.36, 156.71, 19)
(461.67, 148.22, 358.07, 92)
(294.38, 499.45, 386.15, 97)
(388.76, 94.13, 386.59, 48)
(206.28, 76.98, 424.49, 63)
(248.87, 178.4, 222.52, 28)
(83.89, 436.09, 327.35, 25)
(451.75, 435.59, 394.84, 96)
(245.57, 91.66, 136.46, 60)
(80.76, 17.0, 139.5, 30)
(27.47, 215.76, 157.18, 45)
(84.64, 491.64, 70.03, 73)
(91.18, 340.33, 400.61, 44)
(133.52, 401.85, 195.2, 23)
(23.23, 202.39, 118.37, 74)
(201.33, 311.89, 161.93, 40)
(461.11, 41.13, 349.27, 15)
(357.27, 323.71, 401.43, 96)
(245.5, 381.73, 494.47, 74)
(405.04, 466.46, 331.45, 77)
(64.21, 12.22, 238.36, 97)
(34.09, 6.73, 32.42, 67)
(377.6, 31.09, 400.28, 90)
(456.22, 35.98, 241.7, 46)
(387.24, 379.91, 222.91, 97)
(350.5, 141.14, 266.2, 69)
(335.97, 60.81, 322.01, 73)
(474.04, 468.56, 216.88, 4)
(380.0, 131.42, 267.61, 15)
(370.69, 204.26, 374.67, 11)
(173.3, 83.67, 218.57, 18)
(460.12, 484.82, 441.37, 94)
(125.41, 129.69, 432.28, 69)
(19.24, 117.73, 329.46, 37)
(213.22, 225.59, 338.44, 97)
(259.08, 285.82, 128.18, 44)
(401.9, 242.97, 38.18, 28)
(364.15, 346.49, 419.58, 51)
(276.81, 69.17, 142.37, 6)
(112.22, 420.12, 3.9, 49)
(146.41, 161.36, 342.39, 47)
(150.72, 344.48, 9.92, 75)
(480.55, 452.22, 6.8, 34)
(213.82, 166.91, 97.14, 94)
(184.25, 273.5, 161.84, 42)
(388.65, 34.7, 279.48, 24)
(439.76, 285.43, 75.08, 7)
(81.0, 33.04, 390.11, 81)
(101.88, 496.44, 338.61, 58)
(282.88, 147.06, 343.21, 82)
(8.95, 374.11, 252.25, 93)
(84.08, 230.22, 342.03, 25)
(385.66, 18.92, 113.96, 29)
(257.41, 491.56, 244.04, 27)
(494.48, 207.42, 107.03, 49)
(270.46, 448.4, 471.53, 9)
(3.15, 0.96, 488.36, 8)
(167.46, 51.34, 345.6, 37)
(103.82, 246.05, 328.51, 18)
(182.13, 270.92, 491.54, 70)
(228.89, 221.24, 7.27, 51)
(261.97, 109.11, 409.01, 1)
(317.03, 244.21, 434.09, 61)
(180.22, 144.15, 260.2, 6)
(37.11, 395.66, 496.63, 55)
(16.42, 232.43, 148.73, 24)
(140.32, 137.82, 34.84, 15)
(353.62, 84.25, 348.73, 57)
(114.1, 160.35, 197.16, 71)
(181.2, 109.46, 82.83, 16)
(469.78, 421.77, 135.74, 26)
(126.69, 364.65, 226.77, 54)
(381.07, 356.72, 111.24, 31)
(472.67, 21.65, 420.43, 39)
(358.68, 145.36, 434.96, 59)
(62.02, 168.12, 34.25, 35)
(461.39, 127.3, 475.03, 29)
(487.02, 118.83, 110.39, 86)
(158.85, 26.29, 234.24, 10)
(366.43, 289.04, 476.52, 14)
(346.24, 82.84, 297.98, 27)
(262.41, 109.85, 349.56, 91)
(461.33, 179.31, 102.67, 37)
(139.84, 464.53, 245.88, 92)
(286.45, 365.32, 119.87, 11)
(485.58, 107.84, 323.12, 34)
(181.06, 321.9, 359.56, 15)
(90.26, 452.72, 76.42, 14)
(202.12, 360.54, 94.58, 10)
(51.22, 206.79, 223.13, 99)
(215.68, 187.09, 443.22, 53)
(101.51, 429.98, 426.05, 36)
(332.7, 21.43, 449.29, 32)
(290.32, 453.58, 498.32, 87)
(240.34, 464.99, 171.05, 88)
(155.13, 417.53, 246.37, 86)
(262.74, 420.0, 370.56, 97)
(179.3, 369.17, 351.46, 2)
(398.28, 457.43, 66.31, 79)
(208.13, 452.15, 4.27, 73)
(321.33, 284.01, 45.64, 25)
(58.84, 166.83, 132.18, 77)
(119.98, 84.33, 478.42, 61)
(423.33, 197.14, 493.58, 52)
(25.82, 197.54, 31.73, 33)
(435.37, 60.19, 259.58, 31)
(434.11, 42.57, 391.72, 19)
(162.32, 400.42, 70.37, 49)
(349.14, 339.08, 129.84, 92)
(463.9, 454.3, 212.4, 100)
(187.64, 437.36, 273.64, 59)
(441.09, 309.48, 141.68, 72)
(311.42, 323.78, 152.04, 12)
(22.42, 413.96, 319.28, 71)
(128.91, 338.73, 363.24, 6)
(428.77, 422.18, 325.27, 64)
(12.0, 103.72, 355.78, 41)
(204.75, 278.14, 250.32, 50)
(316.2, 197.94, 336.35, 77)
(313.15, 230.7, 165.84, 56)
(462.39, 320.06, 441.52, 44)
(75.0, 50.75, 344.68, 61)
(277.8, 10.41, 28.07, 77)
(285.76, 57.48, 187.74, 36)
(21.36, 384.99, 69.17, 30)
(156.72, 371.83, 160.24, 50)
(163.47, 453.77, 383.32, 77)
(49.06, 200.43, 30.56, 47)
(480.39, 136.85, 145.37, 97)
(485.88, 476.12, 138.1, 1)
(304.56, 215.9, 173.17, 58)
(34.83, 474.02, 102.53, 20)
(173.88, 42.42, 9.45, 70)
(14.3, 0.94, 61.66, 3)
(320.33, 137.19, 438.39, 88)
(315.84, 325.07, 102.38, 54)
(385.33, 99.15, 230.05, 9)
(358.83, 195.16, 448.38, 95)
(148.06, 221.69, 479.89, 67)
(319.63, 290.68, 260.56, 73)
(312.48, 219.02, 300.07, 51)
(45.02, 452.06, 261.62, 96)
(217.19, 256.83, 254.43, 8)
(6.24, 5.5, 459.57, 67)
(485.72, 408.36, 208.27, 86)
(459.47, 258.6, 433.06, 32)
(121.6, 271.19, 241.79, 18)
(361.29, 93.54, 379.43, 48)
(438.1, 200.31, 213.94, 25)
(292.32, 480.92, 34.6, 22)
(365.05, 217.4, 369.91, 92)
(37.55, 276.39, 92.81, 64)
(233.05, 210.05, 253.82, 8)
(104.91, 126.86, 342.88, 6)
(289.88, 171.43, 398.9, 97)
(42.4, 108.77, 204.39, 96)
(64.26, 128.62, 79.09, 45)
(121.38, 14.64, 97.6, 52)
(96.56, 272.63, 229.13, 32)
(59.49, 9.58, 324.24, 23)
(486.62, 61.73, 26.51, 54)
(14.75, 301.97, 226.7, 57)
(366.72, 340.07, 317.77, 88)
(89.53, 104.65, 137.48, 54)
(24.1, 499.07, 146.8, 42)
(206.41, 318.43, 393.0, 59)
(65.99, 169.01, 18.18, 93)
(426.48, 67.61, 457.19, 20)
(10.99, 445.35, 113.78, 28)
(26.58, 468.58, 204.21, 88)
(204.78, 104.36, 387.86, 10)
(363.87, 479.1, 492.65, 28)
(68.94, 23.97, 185.28, 93)
(33.0, 317.06, 201.43, 100)
(173.22, 161.17, 42.77, 24)
(153.24, 410.66, 384.22, 62)
(133.49, 24.44, 184.07, 88)
(30.54, 246.52, 497.17, 39)
(224.21, 399.66, 304.61, 59)
(262.46, 123.31, 272.81, 57)
(70.29, 368.9, 28.6, 23)
(270.14, 121.31, 313.71, 99)
(165.0, 273.99, 275.97, 19)
(207.02, 266.24, 418.88, 13)
(375.01, 420.51, 481.6, 19)
(97.81, 382.01, 467.07, 21)
(42.14, 373.25, 55.87, 89)
(69.68, 181.0, 382.16, 35)
(240.81, 420.93, 469.56, 7)
(451.57, 11.44, 271.26, 2)
(340.67, 392.68, 468.02, 2)
(148.61, 73.76, 67.96, 75)
(449.6, 196.01, 63.89, 75)
(421.98, 214.86, 398.93, 83)
(286.14, 60.98, 278.3, 95)
(295.29, 202.46, 120.14, 20)
(435.01, 484.99, 362.32, 87)
(414.03, 410.88, 71.39, 4)
(407.91, 218.63, 47.82, 60)
(14.16, 341.33, 5.97, 40)
(451.42, 466.45, 64.07, 18)
(75.27, 308.94, 314.69, 91)
(168.95, 388.82, 466.41, 58)
(495.2, 199.3, 42.09, 48)
(369.94, 226.22, 257.64, 45)
(152.73, 399.72, 126.99, 1)
(227.64, 0.51, 384.69, 71)
(80.26, 311.84, 189.63, 74)
(486.95, 286.76, 118.7, 18)
(36.28, 336.54, 144.5, 30)
(367.45, 387.04, 337.0, 64)
(154.0, 352.32, 301.61, 36)
(308.08, 223.35, 179.57, 1)
(255.47, 118.72, 256.4, 32)
(234.05, 259.41, 111.21, 21)
(379.51, 303.85, 38.35, 85)
(320.08, 444.14, 400.56, 50)
(427.3, 16.21, 355.2, 78)
(405.88, 335.25, 247.13, 94)
(62.0, 237.1, 15.33, 45)
(485.16, 400.74, 446.19, 97)
(242.73, 394.34, 252.77, 93)
(460.5, 346.79, 47.01, 15)
(167.04, 375.18, 410.55, 76)
(486.36, 272.67, 78.92, 98)
(452.26, 258.33, 356.45, 63)
(491.08, 275.55, 120.65, 36)
(255.28, 368.89, 112.07, 17)
(496.79, 197.84, 350.91, 49)
(148.7, 492.58, 348.54, 26)
(29.78, 441.14, 117.86, 80)
(105.7, 270.62, 154.82, 35)
(331.04, 247.02, 471.79, 68)
(119.53, 18.8, 217.46, 54)
(248.08, 1.93, 322.72, 3)
(391.06, 120.43, 92.14, 99)
(203.15, 466.85, 363.73, 91)
(149.37, 395.33, 179.21, 69)
(281.98, 370.14, 316.05, 11)
(447.23, 4.18, 218.17, 39)
(330.01, 336.26, 58.75, 12)
(332.62, 24.55, 343.02, 23)
(182.44, 357.33, 242.28, 24)
(174.48, 103.17, 435.09, 92)
(77.23, 245.38, 228.82, 68)
(172.83, 408.48, 202.5, 76)
(427.17, 382.69, 190.51, 97)
(359.29, 310.76, 289.28, 45)
(208.96, 119.9, 102.02, 8)
(50.88, 409.4, 403.11, 92)
(258.05, 480.67, 421.9, 34)
(438.5, 398.1, 253.36, 46)
(208.8, 495.3, 78.1, 28)
(328.1, 489.08, 279.58, 3)
(272.29, 334.69, 89.62, 71)
(368.93, 361.85, 255.22, 55)
(298.22, 301.58, 74.81, 42)
(457.59, 154.76, 409.77, 10)
(181.56, 197.04, 337.92, 21)
(55.01, 414.11, 370.44, 73)
(135.21, 273.23, 436.57, 51)
(317.56, 50.81, 246.54, 38)
(345.52, 427.49, 55.01, 61)
(353.46, 233.81, 388.98, 24)
(314.45, 448.72, 360.01, 85)
(220.59, 23.46, 88.93, 64)
(29.72, 442.85, 65.2, 6)
(417.34, 459.67, 462.95, 70)
(455.07, 74.32, 141.12, 24)
(357.34, 130.97, 125.48, 100)
(483.31, 10.04, 425.08, 61)
(321.44, 305.37, 66.5, 93)
(29.46, 276.45, 34.27, 94)
(454.26, 205.99, 210.16, 54)
(58.08, 182.68, 429.35, 53)
(199.86, 478.06, 482.95, 51)
(481.84, 454.91, 336.67, 82)
(124.7, 372.56, 287.48, 78)
(255.82, 226.77, 420.54, 18)
(10.68, 443.41, 302.18, 90)
(322.19, 130.99, 74.59, 75)
(54.57, 89.5, 184.96, 54)
(217.33, 338.63, 291.68, 9)
(5.71, 208.03, 154.19, 18)
(82.77, 374.13, 432.56, 92)
(498.35, 132.22, 271.69, 82)
(85.41, 140.24, 16.7, 81)
(44.25, 46.69, 449.84, 89)
(22.51, 455.29, 138.45, 85)
(188.9, 417.55, 393.05, 25)
(445.39, 477.27, 70.3, 60)
(92.11, 459.77, 155.0, 40)
(123.49, 108.55, 61.92, 91)
(85.97, 229.77, 27.26, 59)
(322.68, 56.13, 420.85, 30)
(227.09, 408.2, 195.3, 78)
(319.5, 421.45, 25.96, 64)
(95.12, 17.31, 299.04, 96)
(377.9, 49.8, 198.24, 41)
(374.45, 228.33, 295.85, 31)
(264.93, 288.2, 99.97, 75)
(428.47, 349.64, 29.67, 41)
(143.8, 212.43, 68.6, 26)
(360.31, 442.66, 257.22, 61)
(35.42, 488.4, 193.12, 6)
(304.54, 53.17, 452.64, 86)
(459.62, 271.2, 383.73, 1)
(410.22, 64.26, 277.37, 46)
(276.34, 123.76, 143.94, 56)
(365.81, 259.51, 186.66, 75)
(135.18, 69.45, 330.1, 63)
(444.22, 94.88, 428.48, 4)
(146.18, 125.24, 13.95, 6)
(7.79, 351.74, 251.7, 35)
(402.62, 292.53, 328.16, 78)
(418.74, 157.11, 343.38, 76)
(0.62, 429.76, 90.49, 61)
(177.3, 387.98, 189.63, 71)
(45.7, 311.87, 250.84, 2)
(53.07, 258.15, 199.39, 96)
(368.42, 34.16, 203.21, 70)
(132.86, 272.96, 204.33, 28)
(71.79, 476.6, 258.51, 26)
(77.0, 164.8, 58.46, 54)
(404.19, 322.09, 428.92, 44)
(104.79, 50.03, 148.54, 63)
(242.08, 363.47, 338.98, 23)
(250.03, 407.8, 59.78, 20)
(314.29, 283.52, 138.52, 68)
(165.43, 140.21, 17.53, 50)
(284.18, 366.08, 359.98, 74)
(196.57, 7.58, 429.69, 88)
(264.45, 423.68, 222.57, 24)
(5.65, 126.55, 270.31, 71)
(64.33, 153.37, 251.67, 65)
(126.71, 485.12, 153.62, 21)
(382.7, 314.2, 241.26, 22)
(402.22, 422.49, 372.78, 89)
(386.62, 411.17, 318.5, 39)
(92.03, 413.85, 219.11, 73)
(276.85, 421.22, 458.56, 71)
(369.11, 75.03, 289.22, 29)
(358.37, 93.98, 269.16, 92)
(272.7, 179.76, 304.26, 20)
(492.89, 203.3, 123.06, 13)
(434.49, 421.71, 445.49, 99)
(78.46, 224.39, 362.37, 12)
(244.69, 284.92, 436.71, 30)
(109.9, 306.32, 48.24, 65)
(125.72, 384.69, 160.42, 90)
(213.54, 132.83, 202.14, 67)
(45.83, 80.58, 164.28, 32)
(300.3, 210.96, 138.42, 58)
(244.47, 144.23, 22.73, 51)
(434.01, 110.04, 498.05, 93)
(268.36, 66.41, 246.78, 9)
(446.53, 241.87, 48.41, 99)
(423.97, 441.06, 226.06, 72)
(472.83, 226.76, 347.38, 68)
(132.14, 276.4, 55.04, 11)
(173.89, 321.14, 163.37, 69)
(37.58, 43.2, 292.73, 86)
(196.85, 396.67, 467.91, 97)
(130.99, 324.8, 56.65, 83)
(309.91, 311.01, 373.99, 7)
(103.57, 163.8, 370.01, 11)
(296.51, 373.12, 160.45, 70)
(2.33, 349.62, 161.21, 67)
(305.45, 344.2, 64.86, 8)
(249.97, 455.96, 184.79, 37)
(487.35, 269.56, 327.05, 6)
(496.1, 22.03, 478.94, 27)
(120.95, 354.52, 299.82, 70)
(266.44, 382.85, 218.56, 72)
(251.62, 83.09, 179.13, 73)
(178.83, 420.57, 428.07, 40)
(13.19, 236.23, 68.43, 2)
(63.04, 22.61, 388.29, 39)
(469.86, 353.75, 51.36, 34)
(311.41, 1.68, 108.61, 47)
(242.25, 178.33, 437.74, 95)
(95.1, 38.95, 467.27, 44)
(483.96, 236.99, 495.02, 32)
(185.95, 465.25, 173.56, 59)
(480.37, 266.01, 22.17, 90)
(155.39, 227.71, 429.93, 15)
(400.89, 251.01, 21.76, 4)
(437.31, 380.57, 294.23, 57)
(498.78, 45.47, 175.45, 6)
(270.94, 157.2, 166.72, 48)
(445.56, 197.78, 134.29, 58)
(19.68, 160.71, 279.33, 69)
(107.36, 19.12, 132.31, 34)
(259.11, 207.26, 139.42, 12)
(187.78, 161.46, 459.21, 20)
(280.76, 258.62, 478.97, 30)
(101.73, 341.45, 262.45, 96)
(2.86, 431.57, 477.1, 14)
(172.26, 346.86, 112.62, 16)
(428.48, 266.57, 3.8, 24)
(148.95, 213.52, 200.91, 21)
(256.34, 304.44, 168.31, 17)
(220.54, 203.04, 215.27, 56)
(371.82, 439.55, 327.62, 3)
(294.12, 167.09, 354.08, 61)
(226.0, 491.17, 33.29, 4)
(382.49, 328.69, 440.61, 71)
(19.81, 155.34, 3.62, 10)
(237.08, 471.97, 143.18, 72)
(31.2, 247.89, 489.77, 48)
(54.14, 393.33, 259.38, 94)
(243.16, 267.1, 348.74, 0)
(280.76, 98.44, 66.56, 28)
(394.79, 16.12, 473.71, 61)
(214.32, 189.02, 443.05, 96)
(447.75, 396.76, 139.45, 24)
(186.96, 12.69, 210.88, 66)
(123.65, 139.94, 390.06, 86)
(28.68, 390.15, 19.76, 64)
(72.8, 192.41, 449.97, 66)
(490.64, 7.3, 402.79, 49)
(444.83, 355.94, 386.0, 47)
(187.37, 94.09, 82.07, 67)
(461.12, 356.06, 442.57, 61)
(9.7, 101.08, 292.29, 32)
(237.6, 27.05, 352.37, 74)
(472.04, 187.23, 191.19, 68)
(88.74, 442.01, 395.32, 33)
(155.03, 402.21, 110.42, 81)
(1.31, 319.27, 27.98, 11)
(277.64, 491.4, 449.79, 83)
(372.79, 238.74, 257.66, 9)
(172.37, 250.41, 269.95, 32)
(406.92, 314.88, 167.32, 12)
(397.77, 157.83, 492.77, 10)
(110.22, 435.59, 93.07, 51)
(424.76, 189.67, 127.31, 47)
(42.68, 199.46, 440.59, 23)
(264.11, 348.53, 190.72, 77)
(289.47, 135.54, 72.09, 47)
(173.52, 155.11, 429.34, 47)
(206.74, 415.94, 286.17, 30)
(284.97, 176.05, 289.89, 77)
(258.93, 58.13, 117.89, 98)
(371.88, 228.54, 414.51, 58)
(335.69, 170.25, 267.04, 1)
(79.06, 78.98, 33.42, 92)
(215.92, 345.29, 404.08, 12)
(349.52, 232.81, 180.3, 68)
(298.81, 272.1, 487.46, 20)
(428.93, 419.51, 27.26, 94)
(276.96, 194.06, 111.57, 61)
(472.09, 46.72, 377.54, 3)
(353.71, 83.35, 225.41, 2)
(312.23, 249.22, 45.67, 77)
(23.23, 225.34, 378.24, 91)
(155.61, 231.78, 227.57, 22)
(76.16, 71.6, 285.25, 78)
(492.8, 23.7, 309.15, 19)
(253.9, 447.1, 265.23, 0)
(97.53, 336.04, 314.52, 99)
(359.11, 105.21, 53.18, 8)
(479.43, 203.72, 358.09, 77)
(417.66, 210.68, 256.64, 18)
(344.24, 96.87, 104.51, 30)
(200.79, 76.36, 459.52, 97)
(484.87, 249.54, 453.95, 74)
(412.75, 338.02, 13.18, 26)
(73.48, 453.76, 206.56, 56)
(178.29, 253.0, 330.87, 19)
(19.74, 46.88, 352.06, 58)
(438.62, 267.69, 205.64, 10)
(233.69, 299.46, 146.68, 90)
(407.76, 380.8, 36.35, 26)
(364.85, 41.2, 301.05, 60)
(63.17, 263.6, 427.87, 85)
(101.66, 482.83, 432.35, 94)
(183.19, 323.44, 5.87, 31)
(397.65, 171.77, 296.7, 69)
(372.34, 193.98, 169.24, 77)
(386.51, 343.67, 261.04, 28)
(495.69, 185.21, 257.64, 35)
(469.49, 207.59, 335.38, 2)
(285.03, 71.25, 158.53, 41)
(482.36, 389.43, 290.21, 36)
(312.88, 42.51, 416.72, 20)
(230.09, 363.36, 47.89, 13)
(5.3, 306.66, 280.05, 10)
(67.84, 90.46, 304.82, 16)
(156.85, 272.87, 469.33, 31)
(316.53, 232.5, 20.79, 13)
(201.65, 131.28, 458.8, 73)
(148.81, 387.81, 492.95, 60)
(209.04, 337.02, 444.37, 74)
(119.78, 321.45, 497.14, 86)
(384.51, 479.71, 262.39, 62)
(388.61, 389.05, 186.93, 16)
(364.33, 100.97, 38.28, 58)
(4.34, 218.58, 307.04, 85)
(320.55, 201.73, 476.99, 8)
